000000000111111111222222222
333333333444444444555555555
666666666777777777888888888
999999999123456789000000051
49006771?1234?678?1234?6787
000000000111111111222222222
333333333444444444555555555
666666666777777777888888888
999999999123456789000000051
49006771?1234?678?1234?6787
000000000111111111222222222
333333333444444444555555555
666666666777777777888888888
999999999123456789000000051
49006771?1234?678?1234?6787
000000000111111111222222222
333333333444444444555555555
666666666777777777888888888
999999999123456789000000051
49006771?1234?678?1234?6787
000000000111111111222222222
333333333444444444555555555
666666666777777777888888888
999999999123456789000000051
49006771?1234?678?1234?6787
000000000111111111222222222
333333333444444444555555555
666666666777777777888888888
999999999123456789000000051
49006771?1234?678?1234?6787
000000000111111111222222222
333333333444444444555555555
666666666777777777888888888
999999999123456789000000051
49006771?1234?678?1234?6787
000000000111111111222222222
333333333444444444555555555
666666666777777777888888888
999999999123456789000000051
49006771?1234?678?1234?6787
000000000111111111222222222
333333333444444444555555555
666666666777777777888888888
999999999123456789000000051
49006771?1234?678?1234?6787
000000000111111111222222222
333333333444444444555555555
666666666777777777888888888
999999999123456789000000051
49006771?1234?678?1234?6787